\documentclass[11pt]{article}
\usepackage[utf8]{inputenc}
\usepackage[a4paper,pdftex]{geometry}
\usepackage{longtable}

\begin{document}

\thispagestyle{empty}

\vspace{1em}

Decomposition of variance for ES

\vspace{1em}

\begin{longtable}{rrrrrr}
period &  std. error &  ES &  DD &  IS &  M \\
1 & 9.30038e+09 & $100.0000$ & $0.0000$ & $0.0000$ & $0.0000$\\
2 & 1.13918e+10 & $98.9288$ & $0.3821$ & $0.0011$ & $0.6879$\\
3 & 1.33285e+10 & $97.3975$ & $0.5567$ & $0.2513$ & $1.7945$\\
4 & 1.47496e+10 & $95.2409$ & $0.8220$ & $0.5907$ & $3.3463$\\
5 & 1.59767e+10 & $92.7677$ & $1.0685$ & $1.0724$ & $5.0914$\\
6 & 1.70229e+10 & $90.1258$ & $1.3174$ & $1.6115$ & $6.9453$\\
7 & 1.79429e+10 & $87.4616$ & $1.5515$ & $2.1852$ & $8.8017$\\
8 & 1.87555e+10 & $84.8654$ & $1.7700$ & $2.7615$ & $10.6031$\\
9 & 1.9478e+10 & $82.4000$ & $1.9698$ & $3.3227$ & $12.3075$\\
10 & 2.01212e+10 & $80.1011$ & $2.1506$ & $3.8561$ & $13.8922$\\
11 & 2.06941e+10 & $77.9869$ & $2.3127$ & $4.3543$ & $15.3460$\\
12 & 2.12036e+10 & $76.0631$ & $2.4571$ & $4.8136$ & $16.6662$\\
13 & 2.16559e+10 & $74.3269$ & $2.5849$ & $5.2327$ & $17.8555$\\
14 & 2.20566e+10 & $72.7703$ & $2.6977$ & $5.6119$ & $18.9202$\\
15 & 2.24106e+10 & $71.3823$ & $2.7967$ & $5.9528$ & $19.8682$\\
\end{longtable}

\vspace{1em}

Decomposition of variance for DD

\vspace{1em}

\begin{longtable}{rrrrrr}
period &  std. error &  ES &  DD &  IS &  M \\
1 & 5.70197 & $94.6004$ & $5.3996$ & $0.0000$ & $0.0000$\\
2 & 6.42428 & $93.0768$ & $5.5791$ & $0.0083$ & $1.3359$\\
3 & 6.49195 & $92.3417$ & $5.4827$ & $0.5539$ & $1.6217$\\
4 & 6.53474 & $91.9740$ & $5.4871$ & $0.5952$ & $1.9436$\\
5 & 6.5457 & $91.6870$ & $5.4757$ & $0.7145$ & $2.1229$\\
6 & 6.55674 & $91.5263$ & $5.4700$ & $0.7586$ & $2.2452$\\
7 & 6.56306 & $91.4213$ & $5.4645$ & $0.7957$ & $2.3185$\\
8 & 6.56795 & $91.3623$ & $5.4598$ & $0.8157$ & $2.3622$\\
9 & 6.57129 & $91.3298$ & $5.4558$ & $0.8280$ & $2.3863$\\
10 & 6.57374 & $91.3145$ & $5.4525$ & $0.8346$ & $2.3984$\\
11 & 6.57554 & $91.3089$ & $5.4498$ & $0.8378$ & $2.4035$\\
12 & 6.57691 & $91.3085$ & $5.4476$ & $0.8391$ & $2.4049$\\
13 & 6.57799 & $91.3103$ & $5.4458$ & $0.8393$ & $2.4046$\\
14 & 6.57888 & $91.3125$ & $5.4444$ & $0.8392$ & $2.4039$\\
15 & 6.57963 & $91.3141$ & $5.4433$ & $0.8390$ & $2.4036$\\
\end{longtable}

\vspace{1em}

Decomposition of variance for IS

\vspace{1em}

\begin{longtable}{rrrrrr}
period &  std. error &  ES &  DD &  IS &  M \\
1 & 1.93639 & $84.5610$ & $6.3904$ & $9.0486$ & $0.0000$\\
2 & 2.25646 & $84.0908$ & $6.5455$ & $7.1952$ & $2.1686$\\
3 & 2.28772 & $83.3527$ & $6.3886$ & $7.6318$ & $2.6269$\\
4 & 2.31021 & $82.8892$ & $6.3850$ & $7.5851$ & $3.1407$\\
5 & 2.31648 & $82.4656$ & $6.3631$ & $7.7360$ & $3.4353$\\
6 & 2.32259 & $82.2356$ & $6.3517$ & $7.7750$ & $3.6378$\\
7 & 2.32616 & $82.0793$ & $6.3414$ & $7.8168$ & $3.7625$\\
8 & 2.32888 & $81.9922$ & $6.3331$ & $7.8359$ & $3.8388$\\
9 & 2.33073 & $81.9435$ & $6.3263$ & $7.8475$ & $3.8827$\\
10 & 2.33208 & $81.9209$ & $6.3208$ & $7.8521$ & $3.9062$\\
11 & 2.33304 & $81.9132$ & $6.3163$ & $7.8532$ & $3.9173$\\
12 & 2.33376 & $81.9140$ & $6.3126$ & $7.8521$ & $3.9212$\\
13 & 2.33431 & $81.9187$ & $6.3097$ & $7.8500$ & $3.9216$\\
14 & 2.33475 & $81.9246$ & $6.3073$ & $7.8476$ & $3.9205$\\
15 & 2.33511 & $81.9300$ & $6.3054$ & $7.8452$ & $3.9193$\\
\end{longtable}

\vspace{1em}

Decomposition of variance for M

\vspace{1em}

\begin{longtable}{rrrrrr}
period &  std. error &  ES &  DD &  IS &  M \\
1 & 0.762623 & $40.9731$ & $7.0731$ & $6.6874$ & $45.2664$\\
2 & 0.932265 & $28.6162$ & $6.0149$ & $15.3044$ & $50.0645$\\
3 & 1.04589 & $26.7644$ & $5.8462$ & $16.3530$ & $51.0364$\\
4 & 1.11606 & $25.5104$ & $5.6708$ & $17.3075$ & $51.5114$\\
5 & 1.16447 & $25.3114$ & $5.5569$ & $17.6481$ & $51.4836$\\
6 & 1.19717 & $25.3950$ & $5.4633$ & $17.8324$ & $51.3092$\\
7 & 1.21983 & $25.6852$ & $5.3874$ & $17.8887$ & $51.0387$\\
8 & 1.23551 & $26.0533$ & $5.3242$ & $17.8843$ & $50.7383$\\
9 & 1.24648 & $26.4526$ & $5.2714$ & $17.8429$ & $50.4331$\\
10 & 1.25423 & $26.8473$ & $5.2275$ & $17.7833$ & $50.1419$\\
11 & 1.25978 & $27.2188$ & $5.1912$ & $17.7160$ & $49.8741$\\
12 & 1.26385 & $27.5560$ & $5.1614$ & $17.6479$ & $49.6347$\\
13 & 1.26692 & $27.8542$ & $5.1372$ & $17.5831$ & $49.4255$\\
14 & 1.26932 & $28.1121$ & $5.1178$ & $17.5240$ & $49.2462$\\
15 & 1.27127 & $28.3310$ & $5.1024$ & $17.4715$ & $49.0951$\\
\end{longtable}


\end{document}
